0.000000000000000000e+00 2.242230000000000056e-01
1.000000000000000000e+00 1.918739999999999890e-01
2.000000000000000000e+00 1.632760000000000045e-01
3.000000000000000000e+00 1.378320000000000101e-01
4.000000000000000000e+00 1.153349999999999931e-01
5.000000000000000000e+00 9.619900000000000673e-02
6.000000000000000000e+00 8.054999999999999660e-02
7.000000000000000000e+00 6.845199999999999896e-02
8.000000000000000000e+00 5.969399999999999706e-02
9.000000000000000000e+00 5.386799999999999922e-02
1.000000000000000000e+01 5.119543076923076946e-02
1.100000000000000000e+01 5.648549803986302464e-02
1.200000000000000000e+01 4.263592212257438785e-02
1.300000000000000000e+01 5.975493941588715108e-02
1.400000000000000000e+01 4.590536349859851428e-02
1.500000000000000000e+01 5.119543076923076252e-02
1.600000000000000000e+01 5.648549803986303158e-02
1.700000000000000000e+01 4.263592212257438785e-02
1.800000000000000000e+01 5.975493941588715108e-02
1.900000000000000000e+01 4.590536349859851428e-02
2.000000000000000000e+01 5.119543076923076252e-02
2.100000000000000000e+01 5.648549803986303852e-02
2.200000000000000000e+01 4.263592212257438785e-02
2.300000000000000000e+01 5.975493941588715108e-02
2.400000000000000000e+01 4.590536349859852122e-02
2.500000000000000000e+01 5.119543076923075559e-02
2.600000000000000000e+01 5.648549803986303852e-02
2.700000000000000000e+01 4.263592212257438091e-02
2.800000000000000000e+01 5.975493941588714414e-02
2.900000000000000000e+01 4.590536349859852816e-02
3.000000000000000000e+01 5.119543076923074865e-02
3.100000000000000000e+01 5.648549803986303852e-02
3.200000000000000000e+01 4.263592212257438091e-02
3.300000000000000000e+01 5.975493941588714414e-02
3.400000000000000000e+01 4.590536349859852816e-02
3.500000000000000000e+01 5.119543076923074865e-02
3.600000000000000000e+01 5.648549803986304546e-02
3.700000000000000000e+01 4.263592212257438091e-02
3.800000000000000000e+01 5.975493941588714414e-02
3.900000000000000000e+01 4.590536349859853510e-02
4.000000000000000000e+01 5.119543076923074171e-02
4.100000000000000000e+01 5.648549803986305240e-02
4.200000000000000000e+01 4.263592212257438091e-02
4.300000000000000000e+01 5.975493941588714414e-02
4.400000000000000000e+01 4.590536349859853510e-02
4.500000000000000000e+01 5.119543076923074171e-02
4.600000000000000000e+01 5.648549803986305240e-02
4.700000000000000000e+01 4.263592212257438091e-02
4.800000000000000000e+01 5.975493941588713720e-02
4.900000000000000000e+01 4.590536349859854204e-02
5.000000000000000000e+01 5.119543076923073477e-02
5.100000000000000000e+01 5.648549803986305240e-02
5.200000000000000000e+01 4.263592212257437397e-02
5.300000000000000000e+01 5.975493941588713720e-02
5.400000000000000000e+01 4.590536349859854204e-02
5.500000000000000000e+01 5.119543076923072783e-02
5.600000000000000000e+01 5.648549803986305934e-02
5.700000000000000000e+01 4.263592212257437397e-02
5.800000000000000000e+01 5.975493941588713720e-02
5.900000000000000000e+01 4.590536349859854898e-02
6.000000000000000000e+01 5.119543076923072783e-02
6.100000000000000000e+01 5.648549803986316342e-02
6.200000000000000000e+01 4.263592212257437397e-02
6.300000000000000000e+01 5.975493941588717883e-02
6.400000000000000000e+01 4.590536349859854898e-02
6.500000000000000000e+01 5.119543076923059599e-02
6.600000000000000000e+01 5.648549803986306628e-02
6.700000000000000000e+01 4.263592212257441560e-02
6.800000000000000000e+01 5.975493941588713720e-02
6.900000000000000000e+01 4.590536349859866000e-02
7.000000000000000000e+01 5.119543076923071395e-02
7.100000000000000000e+01 5.648549803986296913e-02
7.200000000000000000e+01 4.263592212257437397e-02
7.300000000000000000e+01 5.975493941588709557e-02
7.400000000000000000e+01 4.590536349859855592e-02
